408557
409293
1766
2139
6552
19647
132409
47528
57994
91807
96231
93985
116705
147362
183752
187707
212619
31935
217824
351338
48707
145629
48265
48792
49039
81256
51271
55233
63560
152279
194679
194844
47568
207289
212552
219809
356528
343294
3714
383269
187827
162264
188501
205629
206804
206803
209426
212800
196555
390195
354610
1850
252216
5217
22812
22842
29166
145152
33891
117679
61336
197721
102342
102543
102558
102560
390414
106951
132158
155835
194223
383410
202425
305497
50334
127797
247563
106898
77764
77761
319454
108291
108292
108293
108294
5215
391528
362486
274838
58180
200851
410406
410063
363916
370960
374348
357170
406732
404977
375087
378464
378441
357210
359816
403631
358267
136
5384
19574
186254
53480
54216
118922
131894
321538
186257
203233
186265
186289
193530
199483
209997
400456
360952
360966
288613
202748
248519
66
32612
110960
113862
365362
12051
12472
198144
45438
414658
41425
342242
87023
108839
342246
110909
190319
198111
414664
205025
130
383874
115176
120954
116841
116849
122278
125174
122470
122783
137639
152173
202162
209584
394112
387184
202335
202248
213664
132578
353319
498
403876
642
1022
204018
1044
305395
6940
199448
199450
25771
31821
31850
31884
216331
231895
389539
86659
212641
228050
414273
184662
199545
210256
210294
415246
215652
221883
221885
221886
221887
254471
254472
254473
254474
276111
276112
343721
157128
410201
403695
2812
373447
605
10060
33206
47536
47585
47788
64843
81782
271466
194249
391109
232707
197862
197871
197874
200183
213610
27827
215769
211336
211319
289655
322431
329543
328530
335467
34914
453
15286
19236
111759
322105
65081
121557
199845
214621
408558
1966
2983
36554
5277
11327
13750
31224
45182
51690
121471
185422
207736
212283
1784
115191
115192
256735
394758
375939
385408
360194
193359
193357
343142
319504
2645
8178
208997
58875
79206
108281
325174
108271
114049
114050
114051
114052
118337
191634
383009
201633
384352
260881
378078
546
333957
204361
204362
192082
378076
375986
207495
207498
409293
113942
20707
104773
108416
111400
265273
212295
333889
344566
267171
267218
80240
200548
387633
1714
702
410598
417537
871
1719
52437
12975
18499
384100
23920
97463
107574
118038
147833
184364
386208
208086
213871
227847
389774
236321
202164
376080
354788
115804
34709
345231
314646
348436
167152
377362
240559
256948
65116
273104
58984
388380
310143
320224
323524
327140
330752
332505
332506
362699
363522
Glimmer of Light
Blessing of Summer
Blessing of Spring
Blessing of Autumn
Blessing of Winter
Renewing Mist
Enveloping Mist
Essence Font
Sphere of Hope
Dream Breath
Reversion
Lifebind
Dream Flight
Dream Projection
Echo
Lifebloom
Rejuvenation
