274838
77606
204080
233395
204085
91807
370970
320338
339
170855
45334
102359
383005
372048
355689
324149
203337
162480
212638
190925
212431
393456
122
33395
157997
228600
378760
228358
116706
324382
393047
343527
322459
322464
322442
322462
322457
322463
322461
322458
322460
394902
375901
114404
64695
356738
285515
356824
188389
386997
198817
105771
356356
199042
354051
47476
91800
91797
221562
207167
287254
377048
210141
288849
179057
204490
213491
205630
208618
207685
211881
217832
221527
99
2637
5211
33786
81261
163505
209749
203123
202244
410065
202347
200947
360806
372245
408544
1513
3355
356723
356727
24394
117526
117405
213691
357021
407032
407031
118
28271
28272
61025
61305
61721
61780
126819
161353
161354
161355
161372
277787
277792
391622
383121
31661
82691
389831
376103
210824
12654
390612
115078
119381
198909
202274
233759
202346
853
20066
10326
31935
105421
217824
255941
385149
8122
9484
15487
64044
87204
200196
200200
205369
226943
358861
408
1330
1776
1833
2094
6770
207777
212183
51514
210873
211004
211010
211015
269352
277778
277784
309328
77505
118345
118905
197214
305485
710
5484
6358
6789
22703
30283
89766
118699
196364
1098
316099
342938
30213
200587
213688
5246
316593
316595
132168
132169
236077
236273
199085
198819
20549
107079
255723
287712
388673
324263
331866
332423
356567
358259
305252
313148
6788
Judgment
Unworthy
Glimmer of Light
Searing Glare
Denounce
Recently Challenged
Skyreach Exhaustion
Sphere of Despair
Fae Accord
Fire Breath
Stellar Flare
Feral Frenzy
